7. Nscore (Real) is NEO-FFI-R Neuroticism. Possible values are presented in table below:
Nscore Cases Value         Nscore Cases Value         Nscore Cases Value
<br>     12      1    -3.46436      29     60    -0.67825      46     67    1.02119
<br>     13      1    -3.15735      30     61    -0.58016      47     27    1.13281
<br>     14      7    -2.75696      31     87    -0.46725      48     49    1.23461
<br>     15      4    -2.52197      32     78    -0.34799      49     40    1.37297
<br>     16      3    -2.42317      33     68    -0.24649      50     24    1.49158
<br>     17      4    -2.34360      34     76    -0.14882      51     27    1.60383
<br>     18     10    -2.21844      35     69    -0.05188      52     17    1.72012
<br>     19     16    -2.05048      36     73     0.04257      53     20    1.83990
<br>     20     24    -1.86962      37     67     0.13606      54     15    1.98437
<br>     21     31    -1.69163      38     63     0.22393      55     11    2.12700
<br>     22     26    -1.55078      39     66     0.31287      56     10    2.28554
<br>     23     29    -1.43907      40     80     0.41667      57      6    2.46262
<br>     24     35    -1.32828      41     61     0.52135      58      3    2.61139
<br>     25     56    -1.19430      42     77     0.62967      59      5    2.82196
<br>     26     57    -1.05308      43     49     0.73545      60      2    3.27393
<br>     27     65    -0.92104      44     51     0.82562
<br>     28     70    -0.79151      45     37     0.91093
8. Escore (Real) is NEO-FFI-R Extraversion. Possible values are presented in table below:
     Escore Cases Value         Escore Cases Value         Escore Cases Value
<br>     16      2    -3.27393      31      55   -1.23177      45     91    0.80523
<br>     18      1    -3.00537      32      52   -1.09207      46     69    0.96248
<br>     19      6    -2.72827      33      77   -0.94779      47     64    1.11406
<br>     20      3    -2.53830      34      68   -0.80615      48     62    1.28610
<br>     21      3    -2.44904      35      58   -0.69509      49     37    1.45421
<br>     22      8    -2.32338      36      89   -0.57545      50     25    1.58487
<br>     23      5    -2.21069      37      90   -0.43999      51     34    1.74091
<br>     24      9    -2.11437      38     106   -0.30033      52     21    1.93886
<br>     25      4    -2.03972      39     107   -0.15487      53     15    2.12700
<br>     26     21    -1.92173      40     130    0.00332      54     10    2.32338
<br>     27     23    -1.76250      41     116    0.16767      55      9    2.57309
<br>     28     23    -1.63340      42     109    0.32197      56      2    2.85950
<br>     29     32    -1.50796      43     105    0.47617      58      1    3.00537
<br>     30     38    -1.37639      44     103    0.63779      59      2    3.27393
9. Oscore (Real) is NEO-FFI-R Openness to experience. Possible values are presented in table below:
     Oscore Cases Value         Oscore Cases Value         Oscore Cases Value
<br>     24      2    -3.27393      38      64   -1.11902      50     83    0.58331
<br>     26      4    -2.85950      39      60   -0.97631      51     87    0.72330
<br>     28      4    -2.63199      40      68   -0.84732      52     87    0.88309
<br>     29     11    -2.39883      41      76   -0.71727      53     81    1.06238
<br>     30      9    -2.21069      42      87   -0.58331      54     57    1.24033
<br>     31      9    -2.09015      43      86   -0.45174      55     63    1.43533
<br>     32     13    -1.97495      44     101   -0.31776      56     38    1.65653
<br>     33     23    -1.82919      45     103   -0.17779      57     34    1.88511
<br>     34     25    -1.68062      46     134   -0.01928      58     19    2.15324
<br>     35     26    -1.55521      47     107    0.14143      59     13    2.44904
<br>     36     39    -1.42424      48     116    0.29338      60      7    2.90161
<br>     37     51    -1.27553      49      98    0.44585
10. Ascore (Real) is NEO-FFI-R Agreeableness. Possible values are presented in table below:
     Ascore Cases Value         Ascore Cases Value         Ascore Cases Value
<br>     12      1    -3.46436      34      42   -1.34289      48     104   0.76096
<br>     16      1    -3.15735      35      45   -1.21213      49      85   0.94156
<br>     18      1    -3.00537      36      62   -1.07533      50      68   1.11406
<br>     23      1    -2.90161      37      83   -0.91699      51      58   1.2861
<br>     24      2    -2.78793      38      82   -0.76096      52      39   1.45039
<br>     25      1    -2.70172      39     102   -0.60633      53      36   1.61108
<br>     26      7    -2.53830      40      98   -0.45321      54      36   1.81866
<br>     27      7    -2.35413      41     114   -0.30172      55      16   2.03972
<br>     28      8    -2.21844      42     101   -0.15487      56      14   2.23427
<br>     29     13    -2.07848      43     105   -0.01729      57       8   2.46262
<br>     30     18    -1.92595      44     118    0.13136      58       7   2.75696
<br>     31     24    -1.77200      45     112    0.28783      59       1   3.15735
<br>     32     30    -1.62090      46     100    0.43852      60       1   3.46436
<br>     33     34    -1.47955      47     100    0.59042                  
11. Cscore (Real) is NEO-FFI-R Conscientiousness. Possible values are presented in table below:
 Cscore Cases Value         Cscore Cases Value         Cscore Cases Value
<br>     17      1    -3.46436      32       39  -1.25773      46     113   0.58489
<br>     19      1    -3.15735      33       49  -1.13788      47      95   0.7583
<br>     20      3    -2.90161      34       55  -1.01450      48      95   0.93949
<br>     21      2    -2.72827      35       55  -0.89891      49      76   1.13407
<br>     22      5    -2.57309      36       69  -0.78155      50      47   1.30612
<br>     23      5    -2.42317      37       81  -0.65253      51      43   1.46191
<br>     24      6    -2.30408      38       77  -0.52745      52      34   1.63088
<br>     25      9    -2.18109      39       87  -0.40581      53      28   1.81175
<br>     26     13    -2.04506      40       97  -0.27607      54      27   2.04506
<br>     27     13    -1.92173      41       99  -0.14277      55      13   2.33337
<br>     28     25    -1.78169      42      105  -0.00665      56       8   2.63199
<br>     29     24    -1.64101      43       90   0.12331      57       3   3.00537
<br>     30     29    -1.51840      44      111   0.25953      59       1   3.46436
<br>     31     41    -1.38502      45      111   0.41594                  

